32
81
26
76
90
63
34
23
61
75
14
86
19
60
59
71
7
49
86
78
66
85
58
71
46
43
44
39
23
18
99
14
15
28
26
49
69
31
84
71
73
14
8
61
19
74
43
93
29
93
1
4
43
33
19
46
24
54
31
48
20
94
1
43
76
1
71
91
34
10
2
75
65
15
6
52
78
96
53
72
99
50
10
29
18
95
71
82
9
79
25
15
1
36
52
78
14
64
85
18
3
52
60
19
91
26
38
28
27
67
68
28
2
59
49
69
84
71
26
80
29
89
82
54
85
87
75
29
63
27
39
15
11
35
69
47
90
90
37
91
58
44
55
42
12
97
14
42
87
83
93
42
39
6
89
13
70
6
34
5
50
9
65
1
29
54
17
66
89
2
78
93
35
34
23
85
34
41
42
87
73
33
42
79
33
96
75
6
46
57
77
85
57
33
41
49
79
55
13
58
80
48
53
86
5
99
8
6
83
4
78
30
63
46
31
18
67
85
67
32
78
12
20
33
24
93
37
2
92
73
7
79
28
84
8
26
80
56
75
33
89
70
22
42
78
48
22
11
2
24
81
93
88
80
80
68
28
21
62
12
63
6
13
10
97
99
2
79
39
5
37
12
11
34
43
8
89
77
55
76
71
27
99
68
92
13
90
47
5
39
97
60
93
64
70
83
58
13
45
78
46
43
72
97
87
69
83
54
38
72
78
51
65
85
40
36
6
44
17
85
9
55
75
99
7
76
18
46
63
59
50
77
33
76
31
29
55
3
81
23
29
36
10
33
61
47
94
9
24
35
77
14
95
59
69
91
68
72
90
11
51
38
91
78
22
2
18
89
55
12
81
4
62
94
56
72
45
43
39
59
82
10
23
29
82
37
81
73
8
40
61
82
13
71
71
91
45
32
11
59
30
6
53
13
54
74
51
2
4
96
46
26
34
31
29
41
15
63
95
85
20
45
82
15
50
98
91
91
23
65
28
14
32
79
30
76
56
10
75
9
85
80
70
11
94
36
48
81
42
30
76
82
36
26
40
85
24
39
62
55
83
59
78
38
69
32
93
55
1
52
85
6
88
87
99
39
74
72
21
15
50
10
50
92
88
45
78
6
40
45
53
18
47
20
25
26
2
32
41
63
42
93
81
90
45
70
94
48
26
1
11
51
18
48
5
73
10
85
50
24
53
87
15
55
98
67
59
68
62
74
37
43
31
58
73
57
28
59
47
18
51
31
79
40
35
2
1
99
15
51
16
17
82
17
10
54
78
26
91
78
12
26
85
52
63
68
21
60
74
48
45
50
38
32
73
22
9
75
21
96
67
60
54
11
58
21
60
14
48
20
78
3
68
69
7
25
46
28
77
67
81
40
25
66
7
65
78
50
43
88
46
3
6
94
12
52
72
74
93
42
8
7
13
55
69
43
82
69
26
49
76
80
98
54
16
27
35
87
5
93
43
11
71
59
73
75
97
74
58
54
52
71
34
35
59
74
27
69
97
63
83
9
25
94
12
65
5
51
78
84
17
84
69
1
98
97
36
53
81
94
46
9
12
71
96
5
46
63
94
41
1
65
90
42
10
35
85
76
48
8
71
46
95
73
37
68
3
34
37
62
39
74
88
4
18
75
97
53
97
7
20
41
56
38
84
52
94
28
90
64
12
59
6
73
23
99
14
38
34
29
3
13
27
33
3
26
77
87
24
35
38
32
78
41
88
31
89
58
89
85
73
75
43
73
50
79
69
15
80
19
61
59
20
69
4
7
14
24
35
58
74
8
4
56
26
79
80
64
84
92
10
56
48
48
55
28
69
54
83
24
57
63
7
6
73
78
13
10
37
82
17
66
23
32
12
66
72
87
47
70
98
5
30
88
9
6
11
71
14
76
37
60
40
12
1
12
1
97
82
48
67
71
27
3
75
43
33
17
37
89
56
82
8
13
25
53
34
19
96
68
67
41
95
61
45
57
27
12
32
1
66
74
6
98
3
28
78
27
13
66
72
93
35
24
21
55
52
27
87
48
77
81
1
14
80
26
75
66
58
19
17
22
85
37
24
81
77
9
10
96
74
7
6
31
95
73
7
71
40
90
5
99
24
84
23
84
73
91
19
76
53
13
68
94
49
51
9
98
1
39
77
44
17
90
73
70
76
69
19
7
20
4
26
68
14
18
97
2
14
40
8
86
90
34
44
62
39
11
82
44
65
8
71
2
13
61
82
34
11
52
8
4
72
12
57
49
87
1
81
31
53
7
84
61
31
91
53
83
46
11
32
65
87
74
42
12
33
24
56
52
36
63
90
62
32
5
14
79
76
95
75
39
30
51
91
58
24
11
70
22
8
98
87
1
21
42
17
98
70
45
17
63
44
29
95
89
16
23
29
27
77
74
8
51
36
93
36
37
83
83
88
22
54
35
44
37
76
90
42
90
87
16
10
32
78
13
94
1
55
2
42
1
82
44
44
34
91
37
64
27
6
80
16
86
56
94
9
10
84
59
14
26
81
39
39
62
65
75
72
24
99
36
81
82
41
87
40
11
90
11
46
39
26
15
84
8
1
23
75
84
4
84
16
96
87
17
20
43
5
81
69
16
64
41
28
70
98
33
46
69
54
98
20
74
13
75
99
66
54
32
62
42
1
88
21
15
21
84
95
24
67
96
7
10
41
30
74
84
86
15
9
67
76
7
30
5
65
42
84
12
18
53
89
72
19
27
16
76
21
14
50
15
38
22
2
58
92
10
33
82
1
15
80
40
23
95
65
94
59
16
50
79
1
83
7
15
8
34
90
15
15
97
64
73
65
94
29
55
5
72
12
55
9
2
11
3
73
50
49
24
61
22
18
6
63
70
14
55
16
87
50
59
20
19
68
4
51
7
74
29
67
11
89
86
4
94
70
99
72
5
41
57
84
67
53
93
80
58
10
94
80
73
40
18
22
53
36
89
33
8
51
66
75
21
56
51
32
31
2
69
1
14
83
11
46
92
74
53
66
75
23
92
97
80
48
93
71
72
65
51
59
80
67
64
53
75
82
63
11
2
61
49
57
41
94
66
90
29
71
29
78
83
24
57
84
58
69
95
72
63
80
60
66
50
10
20
47
19
58
71
11
12
42
64
14
74
36
56
85
81
4
42
1
37
72
76
57
10
79
94
6
86
90
48
22
2
83
7
31
74
20
71
71
1
18
67
41
59
43
11
23
13
10
91
60
38
59
29
78
34
62
38
39
63
65
24
21
94
43
13
90
29
26
12
62
32
71
1
19
6
35
97
66
69
72
92
77
99
88
84
42
54
29
97
12
81
32
8
35
93
47
46
17
31
20
93
87
98
29
28
66
59
11
72
98
65
71
70
91
73
47
21
7
58
70
37
1
29
99
80
99
63
65
25
58
89
80
36
49
78
5
78
71
60
18
83
44
56
98
47
11
62
17
62
47
27
40
59
60
83
93
59
99
48
29
4
94
85
14
10
84
36
22
13
68
68
49
46
41
87
93
45
30
52
70
38
46
4
78
32
49
22
75
65
85
46
79
23
32
15
88
58
42
88
63
74
40
5
93
78
77
93
18
72
90
49
29
47
77
90
57
90
8
82
61
62
61
56
28
23
89
26
15
27
98
36
3
42
89
96
97
42
10
1
55
55
5
3
75
37
17
32
46
41
57
97
50
60
28
1
13
83
76
71
88
51
78
91
74
55
46
87
58
81
93
15
81
7
27
6
58
58
81
91
6
57
80
74
69
1
85
43
14
88
83
15
66
38
12
4
77
13
29
21
90
30
73
65
48
43
17
44
33
23
43
54
2
85
66
31
71
5
23
73
70
4
74
70
97
78
49
43
95
24
28
46
30
61
1
76
84
16
27
26
84
41
10
90
46
29
13
80
72
80
33
72
90
55
50
87
56
4
67
69
94
73
48
10
94
96
25
41
84
90
47
55
78
96
89
29
93
83
24
68
66
68
71
15
90
56
