72
9
77
7
17
81
45
19
89
91
81
64
57
96
45
11
62
20
71
69
39
79
23
75
71
51
15
61
55
76
42
85
27
43
77
6
81
64
71
88
21
53
8
10
16
48
19
36
10
60
56
49
97
41
40
92
85
2
36
66
67
83
64
13
49
95
37
14
19
39
30
98
48
83
48
85
72
14
59
23
33
78
52
94
21
92
87
86
3
85
20
79
28
6
21
37
88
95
61
20
11
5
17
70
31
57
1
14
92
54
21
72
43
13
33
88
32
69
91
56
8
51
11
34
19
51
70
43
63
11
97
77
52
39
12
28
62
81
64
63
91
74
93
48
65
48
37
16
72
32
6
20
4
5
12
59
93
83
51
80
86
58
51
81
57
43
20
4
1
6
27
50
6
29
65
34
58
62
68
71
14
55
71
31
6
77
74
48
28
52
35
78
30
84
77
34
23
12
91
22
28
33
16
67
6
56
14
74
40
77
2
31
15
80
66
32
87
20
76
79
69
71
75
48
70
48
20
21
51
31
12
46
71
47
43
81
39
4
26
50
63
99
9
50
51
4
64
50
19
45
